"","halodule","zostera","ruppia","algae","oyster","saltmarsh","other","richness","shannonD","evenness","seagrass","richness_comb","shannonD_comb","evenness_comb","total_cover","avg_blade_length","avg_shoot_density","max10","depth_m_avg","sal_avg","total_abund_sum","comm_richness_sum","comm_shannonD_sum","comm_evenness_sum","carnivore","herbivore","omnivore","soniferous_S","carn_2","detritivore","herb_2","invertivore","omni_2","piscivore","planktivore","num_bai_chr","num_ort_chr","num_ops_tau","seagrass_area","seagrass_core.area","seagrass_perimeter","seagrass_perim.area.ratio","saltmarsh_area","saltmarsh_core.area","saltmarsh_perimeter","saltmarsh_perim.area.ratio","oyster_area","oyster_core.area","oyster_perimeter","oyster_perim.area.ratio","habitat_total","NNratio","dist2adjPatch","richness_landscape","avg_temp","avg_spl_low","avg_spl_high","ToadCallRate","ToadCallRateNorm"
"halodule",1,-0.140125219441848,0.0463745904082087,-0.190927547188451,0.305938831192327,NA,0.00942784749017892,0.397215402421122,0.152357433153734,0.0745591602183119,0.859779012507817,0.305938831192327,0.305938831192327,NA,0.848710952676868,0.0620063316382055,0.684448650029487,0.341805005171502,-0.409484877765301,0.1408391527951,0.448347354536879,0.274257833091725,-0.0349835274043115,-0.178372457535435,0.461893181327019,-0.202543316959363,-0.0948542884155664,-0.112616156283798,0.281093393402436,0.357691953132548,0.366029711859274,0.420565995567678,0.349783875684301,-0.200117966306117,0.152466776792887,0.546160519736902,0.448039051783771,-0.202543316959363,0.337329398707214,0.419778763938416,0.26379140687491,-0.410761050180974,-0.145719175128115,-0.11089369635137,-0.290130459891719,-0.0941546639324223,-0.0391860798451616,0.0428302511129497,-0.226701821105965,-0.518386961069124,0.176191411905589,-0.203162716613522,0.536377335406839,-0.420109028271211,0.298514301358976,-0.386694577181673,-0.0664706233493671,0.254048033675189,0.158680819983291
"zostera",-0.140125219441848,1,0.139274321225037,0.235890089205147,-0.0195821352840162,NA,-0.198697051028727,0.201211755652759,0.418509680369505,0.408232992179548,0.259708448012894,-0.0195821352840162,-0.0195821352840162,NA,0.280699927253299,-0.0702716769155886,-0.273379044651351,-0.100176377881449,0.203028071649105,-0.121119623360524,0.0128538998048884,-0.214253797177423,0.186272028695493,0.320958994068274,0.0233904266691857,0.180895109861439,-0.175952154192264,-0.0266637866055094,-0.405929351740928,0.361425253067403,0.227050786138806,-0.0208650076070703,-0.520355896230215,0.606626519589751,-0.376903913179825,0.223310580503653,0.279609313558152,0.180895109861439,0.376960198211902,0.16348314666156,0.571715328331458,0.451541305004856,0.230433794282978,0.219736856899981,0.234442193972307,-0.331407670522445,0.0427903143181986,-0.0876893416284344,0.182773625479672,0.0551158072580118,0.427392176730692,0.103229852946777,0.288958135378717,-0.169666193125151,0.116715763948813,0.477098871397302,0.359573665981566,-0.0130935306603828,0.0601808688900551
"ruppia",0.0463745904082087,0.139274321225037,1,-0.0510149580408689,-0.143342269708913,NA,-0.143342269708913,0.562515685820103,0.767909709237607,0.616417551097413,0.429034153923182,-0.143342269708913,-0.143342269708913,NA,0.425696499708327,-0.0553293602674485,0.0378952469147926,0.0546941952351579,0.127222228468258,0.227394120898423,0.0202563036446651,-0.0724900058389358,0.25331882876912,0.311596713811831,0.0338609419910285,-0.143342269708913,-0.222273149982657,0.287110346862275,-0.186002321913577,0.717358467616553,-0.0837402097458153,-0.0910176132097225,-0.239163559670106,0.135867981742314,-0.130466043720897,0.378600141559944,0.704877627402123,-0.143342269708913,0.647147290124634,0.661832879857355,0.538231281594833,-0.0303631969242481,0.422655924787047,0.495474613611497,-0.100986121186748,-0.272504927372057,-0.105712868204427,0.0912204908120396,-0.214932433675018,-0.452711848004069,0.721804985328049,0.341404557988573,0.0172963657104839,-0.0414581611823508,0.0304544050932958,-0.427593884704335,0.0800099844617215,-0.102654665300463,-0.242234154307501
"algae",-0.190927547188451,0.235890089205147,-0.0510149580408689,1,0.706383077434362,NA,0.0337409482287594,0.0616281716963433,-0.158876252480298,-0.216032801651936,-0.108015093785024,0.706383077434362,0.706383077434362,NA,-0.0196615199045867,-0.0916696522054922,0.0389131197658595,-0.192063896559402,0.0213349334762741,-0.160042734185122,-0.00205161505405974,-0.2576470068376,-0.184823365085763,-0.102579005339756,0.00641242249986847,-0.103399680055878,-0.142448011735248,-0.128899751528304,-0.361716674757204,-0.245510074244345,-0.368116595340243,0.0673807269687049,-0.281930286258076,0.409720616936076,-0.286566381329221,-0.238813540737598,-0.298085132192905,-0.103399680055878,-0.3098679627757,-0.31677764191796,-0.261910105850311,0.0990622054185152,0.816479018727847,0.78512196025021,0.817118961438911,-0.0460245500104576,0.665768659516083,0.317808231433705,0.810706663229068,0.304484548381597,0.310196455803103,-0.295173208567281,-0.351037004060057,0.0598629726639292,0.011714796732899,0.0175110618978187,0.264951257871541,0.346757667290183,0.505395510529036
"oyster",0.305938831192327,-0.0195821352840162,-0.143342269708913,0.706383077434362,1,NA,-0.0909090909090909,0.356753034006338,-0.0246660759819434,-0.096785108417929,0.217212377249363,1,1,NA,0.283360349374215,-0.0535040479388359,0.534105421521562,0.00493233144307071,0.0718014238145933,-0.0197661070679319,0.391306505635941,-0.061259907676888,-0.405501631036976,-0.437236319145242,0.409920790880951,-0.0909090909090909,-0.198327070278905,-0.220779220779221,-0.0123887169039992,-0.157188102561318,-0.144497194767576,0.473503789423646,-0.205886747762289,0.314771165815172,-0.128298272477875,-0.112102411372965,-0.128365161628384,-0.0909090909090909,-0.201754420869335,-0.12146318410249,-0.254270217103668,-0.27271969137926,0.638160134051338,0.609360884390687,0.67799034444205,-0.0269478237866024,0.849244618930124,0.644234168147256,0.784306486566133,0.0564202375580975,0.323289037021391,-0.120744885838885,-0.252559045321297,-0.0909090909090909,0.116644271930359,-0.160497826282294,0.135015547553646,0.703016164567788,0.825528779788339
"saltmarsh",NA,NA,NA,NA,NA,1,NA,NA,NA,NA,NA,NA,NA,NA,NA,NA,NA,NA,NA,NA,NA,NA,NA,NA,NA,NA,NA,NA,NA,NA,NA,NA,NA,NA,NA,NA,NA,NA,NA,NA,NA,NA,NA,NA,NA,NA,NA,NA,NA,NA,NA,NA,NA,NA,NA,NA,NA,NA,NA
"other",0.00942784749017892,-0.198697051028727,-0.143342269708913,0.0337409482287594,-0.0909090909090909,NA,1,-0.254823595718813,-0.155956484197713,-0.0980062467076825,-0.107428948322905,-0.0909090909090909,-0.0909090909090909,NA,-0.104962014231548,-0.412761425639911,0.411799675384074,-0.404906568712267,-0.424281140722597,0.198451714962043,-0.211308380989085,-0.37631086144374,-0.544701602232362,-0.528983920653523,-0.203343121663205,-0.0909090909090909,-0.195658380887834,-0.532467532467532,-0.147572026128596,-0.356278705971958,-0.144497194767576,-0.1587553298934,-0.205886747762289,-0.2487391128519,-0.125276712190305,-0.175092289672587,-0.321167012613282,-0.0909090909090909,-0.0585815062209978,-0.0715208560026515,-0.0548180161590585,-0.00462628097406877,-0.212853191727723,-0.207919425043172,-0.194231473519788,0.518115661793525,-0.166894184534849,-0.161473306318494,-0.157404633985597,0.326833817237409,-0.188382807129619,-0.0925980684466512,-0.134969168447541,0.272727272727273,-0.636337477156863,0.231700705746264,-0.569529389952563,0.00672704219432335,-0.161349639547049
"richness",0.397215402421122,0.201211755652759,0.562515685820103,0.0616281716963433,0.356753034006338,NA,-0.254823595718813,1,0.600117531708755,0.366626514864668,0.613517875656991,0.356753034006338,0.356753034006338,NA,0.623049171967414,0.172517053537873,0.372565518728946,0.241109416664586,0.259813097317144,0.322238825599034,0.56212551230349,0.0637799200717336,0.0510394838390397,0.0343644825087704,0.561559541825799,-0.254823595718813,0.177368433182869,0.0800874157973411,0.296815532270271,0.739994283361267,0.503657235776129,0.469950358870407,-0.200528366616526,0.328975758260811,0.294196789620805,0.689135223710279,0.750224149489549,-0.254823595718813,0.762639038811727,0.803639026403847,0.60421466994129,-0.213631522440041,0.402506155561509,0.428671328374266,0.162083788052296,-0.0671618906015356,0.386390192657484,0.487657205104907,0.237436487284316,-0.297677750761653,0.87443443871002,0.265896784379685,0.0757209420311159,-0.0509647191437626,0.336237563369843,-0.427643502130611,0.159719755774222,0.31192005181947,0.168327457833702
"shannonD",0.152357433153734,0.418509680369505,0.767909709237607,-0.158876252480298,-0.0246660759819434,NA,-0.155956484197713,0.600117531708755,1,0.945279791104496,0.538542464723833,-0.0246660759819434,-0.0246660759819434,NA,0.527077472827567,-0.0345183053637532,0.247533537354769,0.123628488035332,0.408613006669589,0.0636634576085756,0.230950772956563,0.0911981509088852,0.107740563662792,0.0927270472987835,0.260560583545377,0.197801014955431,-0.434035673423166,0.286468478197093,-0.191742375359181,0.697168464262372,0.0277067236506322,0.157742665595182,-0.422295470683214,0.513609609284554,-0.333232362107518,0.277641861624949,0.701739840503514,0.197801014955431,0.68945129464571,0.676044515877377,0.598262972982795,-0.0749869495321581,0.228114194802714,0.27553198649489,-0.104526287772037,-0.312400576902811,0.0696598364667168,0.330974158786517,-0.110639098766985,-0.333683851830652,0.673465854536091,0.68983274142557,0.138842462756597,-0.0873662950673025,0.0143987839122195,0.0603648410003795,0.215094721015022,0.021145012559229,0.0341460145744479
"evenness",0.0745591602183119,0.408232992179548,0.616417551097413,-0.216032801651936,-0.096785108417929,NA,-0.0980062467076825,0.366626514864668,0.945279791104496,1,0.41412165401471,-0.096785108417929,-0.096785108417929,NA,0.396923633120145,-0.0730767116862457,0.201040030981091,0.0940953261090257,0.417440076132609,-0.0761432913381951,0.211209465464313,0.158115152331199,0.0429596241948046,-0.000489754542778076,0.244291759386975,0.436432484669702,-0.500894091103975,0.26618772141997,-0.258559388028726,0.536679130168569,-0.0567679522438614,0.16988240074456,-0.433645943888004,0.541973517134605,-0.399915248293403,0.103202373169566,0.549162106995463,0.436432484669702,0.480345167385914,0.458955338514706,0.424211074643942,-0.0535995890149545,0.0960160055922523,0.137230971383246,-0.167830177567516,-0.274610885831916,-0.00974224831722169,0.233239366460053,-0.16479995916687,-0.18122573026511,0.425667975747914,0.711839335266941,0.0888947159717583,-0.0461496335215739,-0.0698527652005954,0.285080877014734,0.203320298788086,-0.00109767964729382,0.0846296556354526
"seagrass",0.859779012507817,0.259708448012894,0.429034153923182,-0.108015093785024,0.217212377249363,NA,-0.107428948322905,0.613517875656991,0.538542464723833,0.41412165401471,1,0.217212377249363,0.217212377249363,NA,0.996075557733588,0.0127167545009687,0.530740512157897,0.28948698474718,-0.253141720441236,0.16216957864766,0.410810890484617,0.147490456348243,0.117938946222597,0.0554137969559766,0.431071164135397,-0.168368446297222,-0.219594705722233,-0.0115217860347541,0.0502829599161325,0.685069830162526,0.374223887550694,0.336767277294719,0.054809484464326,0.0724620617443376,-0.0356419186530305,0.691041341832435,0.733753076552515,-0.168368446297222,0.648235216366716,0.654749562662048,0.611242020915943,-0.224194411709024,0.0918394367720878,0.144083225327472,-0.213942305882111,-0.288496828950492,-0.056519008747487,0.0396915434480391,-0.213659997163233,-0.597675995862585,0.547068106105841,-0.0299263079198811,0.581339941309067,-0.445735494653051,0.315767270238295,-0.329486156190346,0.0892476942730436,0.187018219646612,0.079166712403826
"richness_comb",0.305938831192327,-0.0195821352840162,-0.143342269708913,0.706383077434362,1,NA,-0.0909090909090909,0.356753034006338,-0.0246660759819434,-0.096785108417929,0.217212377249363,1,1,NA,0.283360349374215,-0.0535040479388359,0.534105421521562,0.00493233144307071,0.0718014238145933,-0.0197661070679319,0.391306505635941,-0.061259907676888,-0.405501631036976,-0.437236319145242,0.409920790880951,-0.0909090909090909,-0.198327070278905,-0.220779220779221,-0.0123887169039992,-0.157188102561318,-0.144497194767576,0.473503789423646,-0.205886747762289,0.314771165815172,-0.128298272477875,-0.112102411372965,-0.128365161628384,-0.0909090909090909,-0.201754420869335,-0.12146318410249,-0.254270217103668,-0.27271969137926,0.638160134051338,0.609360884390687,0.67799034444205,-0.0269478237866024,0.849244618930124,0.644234168147256,0.784306486566133,0.0564202375580975,0.323289037021391,-0.120744885838885,-0.252559045321297,-0.0909090909090909,0.116644271930359,-0.160497826282294,0.135015547553646,0.703016164567788,0.825528779788339
"shannonD_comb",0.305938831192327,-0.0195821352840162,-0.143342269708913,0.706383077434362,1,NA,-0.0909090909090909,0.356753034006338,-0.0246660759819434,-0.096785108417929,0.217212377249363,1,1,NA,0.283360349374215,-0.0535040479388359,0.534105421521562,0.00493233144307071,0.0718014238145933,-0.0197661070679319,0.391306505635941,-0.061259907676888,-0.405501631036976,-0.437236319145242,0.409920790880951,-0.0909090909090909,-0.198327070278905,-0.220779220779221,-0.0123887169039992,-0.157188102561318,-0.144497194767576,0.473503789423646,-0.205886747762289,0.314771165815172,-0.128298272477875,-0.112102411372965,-0.128365161628384,-0.0909090909090909,-0.201754420869335,-0.12146318410249,-0.254270217103668,-0.27271969137926,0.638160134051338,0.609360884390687,0.67799034444205,-0.0269478237866024,0.849244618930124,0.644234168147256,0.784306486566133,0.0564202375580975,0.323289037021391,-0.120744885838885,-0.252559045321297,-0.0909090909090909,0.116644271930359,-0.160497826282294,0.135015547553646,0.703016164567788,0.825528779788339
"evenness_comb",NA,NA,NA,NA,NA,NA,NA,NA,NA,NA,NA,NA,NA,1,NA,NA,NA,NA,NA,NA,NA,NA,NA,NA,NA,NA,NA,NA,NA,NA,NA,NA,NA,NA,NA,NA,NA,NA,NA,NA,NA,NA,NA,NA,NA,NA,NA,NA,NA,NA,NA,NA,NA,NA,NA,NA,NA,NA,NA
"total_cover",0.848710952676868,0.280699927253299,0.425696499708327,-0.0196615199045867,0.283360349374215,NA,-0.104962014231548,0.623049171967414,0.527077472827567,0.396923633120145,0.996075557733588,0.283360349374215,0.283360349374215,NA,1,0.00447775606123354,0.539231429934569,0.274166590210937,-0.252243780320423,0.149220971523011,0.414259365905769,0.125660178814859,0.100346277650016,0.0444095921215981,0.435425272217763,-0.178398335142666,-0.233768760296485,-0.0239489300518234,0.0195421892443163,0.66606548758618,0.343634227948267,0.346263906662352,0.0298683325988818,0.109150797977596,-0.0609233381919164,0.672955031270872,0.710640404944211,-0.178398335142666,0.623517141048264,0.629873235328731,0.590187315822683,-0.218095531921643,0.164929403504455,0.214578223661181,-0.141876962709629,-0.293509617009794,0.00420507890649387,0.0701364790432084,-0.14157876107964,-0.573807315489723,0.57735751998771,-0.0558616146887404,0.552534020690033,-0.442843268524624,0.318369541769633,-0.330086619245914,0.112594093163809,0.220937292162612,0.126683644601975
"avg_blade_length",0.0620063316382055,-0.0702716769155886,-0.0553293602674485,-0.0916696522054922,-0.0535040479388359,NA,-0.412761425639911,0.172517053537873,-0.0345183053637532,-0.0730767116862457,0.0127167545009687,-0.0535040479388359,-0.0535040479388359,NA,0.00447775606123354,1,-0.0415427367573682,0.933560283622757,0.552643477267019,-0.424666279644692,0.119223348757118,0.743732237778412,0.77212523940178,0.592683415767968,0.0927474853928593,-0.28189156067721,0.484903706081146,0.759356840351333,0.65071461595081,0.168523684125629,0.182468809190312,0.0623060747827562,0.597414204296487,0.00254102367717184,0.354966401742384,0.142058545045118,0.121019971595516,-0.28189156067721,0.00790670006302261,0.0728210460580243,-0.0598452645622736,-0.0469318463701056,0.0565978356456635,0.010670727282361,0.30198977482023,0.382533045373348,0.252869160292211,0.309611043741058,0.227683271206726,0.154330336420116,0.0754049228815915,0.263590675674575,-0.14773333433209,0.489467523053723,0.770588077512249,-0.190928477192297,0.783152479591288,-0.593671010829331,-0.337995495444765
"avg_shoot_density",0.684448650029487,-0.273379044651351,0.0378952469147926,0.0389131197658595,0.534105421521562,NA,0.411799675384074,0.372565518728946,0.247533537354769,0.201040030981091,0.530740512157897,0.534105421521562,0.534105421521562,NA,0.539231429934569,-0.0415427367573682,1,0.187034346242654,-0.127831528208701,0.0169159656533002,0.247886597257585,0.0418819727429522,-0.391348323530667,-0.516648783660105,0.273563448959508,-0.250161902814237,-0.358095740119122,-0.189603942178749,0.140108463207222,-0.020679142450665,-0.0194074413607747,0.284922933574198,-0.046023089112329,-0.0660162294569044,-0.106201274951053,0.084123530287629,0.0719375323679494,-0.250161902814237,0.167138632166999,0.31635278491101,-0.00752997023455212,-0.590036285109119,0.0663936511520001,0.0718635827152368,0.0357984573186688,0.276893045956734,0.3763683997048,0.508618609107982,0.126258143651044,-0.206374721940152,0.22334265970095,0.186217748046138,0.063501872765409,-0.0308778244583051,-0.14980891974132,-0.18838805969711,-0.188222404589362,0.355753279510997,0.307793484142868
"max10",0.341805005171502,-0.100176377881449,0.0546941952351579,-0.192063896559402,0.00493233144307071,NA,-0.404906568712267,0.241109416664586,0.123628488035332,0.0940953261090257,0.28948698474718,0.00493233144307071,0.00493233144307071,NA,0.274166590210937,0.933560283622757,0.187034346242654,1,0.427634283535218,-0.435789876769065,0.176392200846086,0.774796498678665,0.73794352136163,0.530066829076331,0.162383621468947,-0.279185242654313,0.291194272475495,0.73031668883509,0.605107880748016,0.266726391866473,0.170320125948422,0.115919045833608,0.604031839389447,-0.0658648019721502,0.265429505527294,0.227223914257177,0.253408297683003,-0.279185242654313,0.0871698369032933,0.179971373956631,-0.00139415058071784,-0.205500136586524,0.0280092387469576,0.00214124034133578,0.173174067995864,0.299964768322624,0.188436755197004,0.30254713953041,0.085614289555906,-0.067612259935136,0.111643692709647,0.277893437819239,0.00701195480573236,0.328149590448723,0.758405299232261,-0.283009982674809,0.723145334008521,-0.508901043766963,-0.280906738493342
"depth_m_avg",-0.409484877765301,0.203028071649105,0.127222228468258,0.0213349334762741,0.0718014238145933,NA,-0.424281140722597,0.259813097317144,0.408613006669589,0.417440076132609,-0.253141720441236,0.0718014238145933,0.0718014238145933,NA,-0.252243780320423,0.552643477267019,-0.127831528208701,0.427634283535218,1,-0.239396497514788,0.171376926572346,0.448023592498161,0.325697487281219,0.232539645465581,0.170941134820608,0.202349467113854,0.055667171594966,0.625698121812884,0.269736955649169,0.15538243861449,-0.0926579725313751,0.159182687451652,-0.107627560752389,0.561935837242132,-0.0825290794794173,-0.25280242636815,0.0990972267584474,0.202349467113854,0.0747372139166731,0.0748517935573727,0.0133641135886768,0.121862893396615,0.236306550631354,0.190095955788109,0.428030527164169,0.098687523989586,0.530714698421028,0.667899441018772,0.455190426025435,0.312182438578794,0.268528893074398,0.800546571887876,-0.442844149922632,0.498258365258844,0.343917260342578,0.268502259422954,0.664399903753624,-0.238134032493838,0.0816827186180718
"sal_avg",0.1408391527951,-0.121119623360524,0.227394120898423,-0.160042734185122,-0.0197661070679319,NA,0.198451714962043,0.322238825599034,0.0636634576085756,-0.0761432913381951,0.16216957864766,-0.0197661070679319,-0.0197661070679319,NA,0.149220971523011,-0.424666279644692,0.0169159656533002,-0.435789876769065,-0.239396497514788,1,0.39701104654059,-0.238915008993308,-0.393500520497544,-0.350288274215603,0.396552614908531,-0.0197661070679319,0.124629089439751,-0.502059119525489,0.26578725272508,0.390945982584531,0.292814319639792,0.355493090802835,-0.119135788472756,-0.184999782167213,0.241183864944099,0.304934588734371,0.421051353188571,-0.0197661070679319,0.420606182815935,0.290449742727467,0.502508130883368,0.412471630746292,-0.0522732997671875,-0.00770612755717482,-0.303604775917741,-0.0676526285967116,-0.161170873187565,-0.115199774592922,-0.209123526482498,-0.0631803959497112,0.274413256067118,-0.131412345773084,-0.0869033593194915,-0.0134409528061959,-0.03424847449157,-0.274508828890969,-0.476146925615341,0.323403410768206,0.0458087341633843
"total_abund_sum",0.448347354536879,0.0128538998048884,0.0202563036446651,-0.00205161505405974,0.391306505635941,NA,-0.211308380989085,0.56212551230349,0.230950772956563,0.211209465464313,0.410810890484617,0.391306505635941,0.391306505635941,NA,0.414259365905769,0.119223348757118,0.247886597257585,0.176392200846086,0.171376926572346,0.39701104654059,1,0.460418987142468,-0.211372083142107,-0.382451419936634,0.998430542348725,0.401978866278732,0.316319721178416,-0.116850607681687,0.520764940787298,0.495674568336276,0.554507256834751,0.985868021756193,0.0719602192598125,0.372281868974629,0.467654756594537,0.459072199226866,0.544707758868342,0.401978866278732,0.246191528578488,0.231463784738319,0.228561027303909,0.0411139350482163,0.0736792634508251,0.0876795851051258,-0.0106953593108976,-0.0137261850391888,0.276983889068071,0.235912956359881,0.200204253813742,0.174901291486346,0.274013913563784,0.0333624861109333,-0.0975485017880745,0.0305946219035718,0.484440306607872,-0.0503301095260858,0.144450444762027,0.472847210916978,0.513552698325641
"comm_richness_sum",0.274257833091725,-0.214253797177423,-0.0724900058389358,-0.2576470068376,-0.061259907676888,NA,-0.37631086144374,0.0637799200717336,0.0911981509088852,0.158115152331199,0.147490456348243,-0.061259907676888,-0.061259907676888,NA,0.125660178814859,0.743732237778412,0.0418819727429522,0.774796498678665,0.448023592498161,-0.238915008993308,0.460418987142468,1,0.510464680754507,0.215806896133798,0.452662980386205,0.253791046089964,0.263684452093694,0.691361815210593,0.609375478945264,0.258650487379807,0.124702435622597,0.43290459417785,0.708421298375589,0.156762168335056,0.273693949820568,0.083139983268277,0.270899392567831,0.253791046089964,-0.0438928977522128,0.0322830470570025,-0.110575857241388,-0.0525422736428846,-0.188965709086944,-0.200710834149924,-0.0812994256703668,0.0845064639638973,0.0802202737977108,0.21443819351135,-0.0235597416491683,0.11062268152381,-0.126651875965318,0.307664267436718,-0.0318254654191747,0.253791046089964,0.716227197478824,0.00679751213278099,0.654676777353948,-0.395648086271719,-0.0660511097839139
"comm_shannonD_sum",-0.0349835274043115,0.186272028695493,0.25331882876912,-0.184823365085763,-0.405501631036976,NA,-0.544701602232362,0.0510394838390397,0.107740563662792,0.0429596241948046,0.117938946222597,-0.405501631036976,-0.405501631036976,NA,0.100346277650016,0.77212523940178,-0.391348323530667,0.73794352136163,0.325697487281219,-0.393500520497544,-0.211372083142107,0.510464680754507,1,0.946835484436859,-0.231807850308277,-0.306772129797496,0.286014901138557,0.810402968243239,0.249818569223581,0.372145764951725,0.0772029769322933,-0.317841589837589,0.525930886440022,-0.067066201924995,0.103368180640328,0.245808362589183,0.29462821453463,-0.306772129797496,0.193658103203328,0.183279694465146,0.207027545920926,0.141470010410467,0.0391012525555978,0.0317306469429384,0.0607690451804539,-0.045156093229228,-0.175528503685859,-0.0950926263716243,-0.13709887873265,-0.205303135348477,0.146080086149699,0.135009374474514,0.189808346558881,0.149465365421894,0.674901452199328,-0.239868708574289,0.727409650716164,-0.78351953806949,-0.618930560306599
"comm_evenness_sum",-0.178372457535435,0.320958994068274,0.311596713811831,-0.102579005339756,-0.437236319145242,NA,-0.528983920653523,0.0343644825087704,0.0927270472987835,-0.000489754542778076,0.0554137969559766,-0.437236319145242,-0.437236319145242,NA,0.0444095921215981,0.592683415767968,-0.516648783660105,0.530066829076331,0.232539645465581,-0.350288274215603,-0.382451419936634,0.215806896133798,0.946835484436859,1,-0.403303525338183,-0.389263940425063,0.243601008699776,0.668204131067888,0.0485854007229407,0.341014362569712,0.0521462994450653,-0.492754661658923,0.316751701809089,-0.0890791300977709,0.0224920626783536,0.24471724803637,0.244645215330587,-0.389263940425063,0.226621579663927,0.177015263026857,0.27651538125183,0.214917647479489,0.126360482631605,0.122037810850163,0.109739591118352,-0.123447928372296,-0.223266503375035,-0.194446953067947,-0.129231728491917,-0.254856949900686,0.21284471632552,0.0390460304813889,0.215305385125516,0.0640951337589948,0.519181208358804,-0.249338523346848,0.603053957443968,-0.722395925974652,-0.646180226373891
"carnivore",0.461893181327019,0.0233904266691857,0.0338609419910285,0.00641242249986847,0.409920790880951,NA,-0.203343121663205,0.561559541825799,0.260560583545377,0.244291759386975,0.431071164135397,0.409920790880951,0.409920790880951,NA,0.435425272217763,0.0927474853928593,0.273563448959508,0.162383621468947,0.170941134820608,0.396552614908531,0.998430542348725,0.452662980386205,-0.231807850308277,-0.403303525338183,1,0.418381691941634,0.262697177312973,-0.122296521683436,0.489540194967611,0.49616494497706,0.524423602457355,0.987664146511688,0.0499622628903417,0.390147358329655,0.421167058409288,0.439647484325731,0.547823713245752,0.418381691941634,0.249081900262735,0.234226944993159,0.232232264071536,0.034796509707847,0.0835757599722659,0.0991713839048282,-0.0120566889525261,-0.038918297711149,0.286304781293002,0.251827635262575,0.200010632709299,0.157417143285182,0.283136719279118,0.0521222200393765,-0.0893448414920986,0.0104162823410534,0.464787298270069,-0.0356889548558667,0.140601656774437,0.490891896155194,0.538688457509373
"herbivore",-0.202543316959363,0.180895109861439,-0.143342269708913,-0.103399680055878,-0.0909090909090909,NA,-0.0909090909090909,-0.254823595718813,0.197801014955431,0.436432484669702,-0.168368446297222,-0.0909090909090909,-0.0909090909090909,NA,-0.178398335142666,-0.28189156067721,-0.250161902814237,-0.279185242654313,0.202349467113854,-0.0197661070679319,0.401978866278732,0.253791046089964,-0.306772129797496,-0.389263940425063,0.418381691941634,1,-0.168964464110306,-0.0649350649350649,-0.199028078981944,0.00396899771312269,-0.0314230662064412,0.459422678207713,-0.205886747762289,0.538198048234046,-0.132790855537025,-0.239206987227559,0.0277014065570762,1,-0.232540725624287,-0.298833668800691,-0.150427683403103,0.211487894637447,-0.229138406672508,-0.217086799158916,-0.244735306997047,-0.311587936774776,-0.124715171308046,-0.144387494117948,-0.0872055359153892,0.349736567806153,-0.326515581449209,0.200806897749822,-0.086324080863761,-0.0909090909090909,-0.111417421096565,0.671600907569136,0.0181495237767858,0.235468601460773,0.432765685119416
"omnivore",-0.0948542884155664,-0.175952154192264,-0.222273149982657,-0.142448011735248,-0.198327070278905,NA,-0.195658380887834,0.177368433182869,-0.434035673423166,-0.500894091103975,-0.219594705722233,-0.198327070278905,-0.198327070278905,NA,-0.233768760296485,0.484903706081146,-0.358095740119122,0.291194272475495,0.055667171594966,0.124629089439751,0.316319721178416,0.263684452093694,0.286014901138557,0.243601008699776,0.262697177312973,-0.168964464110306,1,0.0582601827219076,0.682254722780302,0.137367502283801,0.671200193186829,0.254760057157753,0.394637879582885,-0.197683861937241,0.923654098483691,0.465311873619555,0.107209926048501,-0.168964464110306,0.0259299753539873,0.0244241037344335,0.00672849472725105,0.11658708393594,-0.14309304939452,-0.166034296595724,0.02233220490843,0.424456561258913,-0.0746840367646659,-0.197877793444202,0.0630003628046911,0.343028836818225,-0.0701574721926978,-0.308959261620262,-0.16629408575947,0.350588347706902,0.475320798780215,-0.268818780497669,0.107250488603625,-0.16806831053052,-0.277831999539059
"soniferous_S",-0.112616156283798,-0.0266637866055094,0.287110346862275,-0.128899751528304,-0.220779220779221,NA,-0.532467532467532,0.0800874157973411,0.286468478197093,0.26618772141997,-0.0115217860347541,-0.220779220779221,-0.220779220779221,NA,-0.0239489300518234,0.759356840351333,-0.189603942178749,0.73031668883509,0.625698121812884,-0.502059119525489,-0.116850607681687,0.691361815210593,0.810402968243239,0.668204131067888,-0.122296521683436,-0.0649350649350649,0.0582601827219076,1,0.204938730946601,0.249689315114702,-0.206605798720938,-0.180133340340687,0.485115908839056,0.212015847941904,-0.056930235267587,-0.0550757271292306,0.20164196360484,-0.0649350649350649,0.0843703105792964,0.188986018284757,-0.0465730496636536,-0.125119947331755,0.0860500337975162,0.0747761871383527,0.113359081282516,-0.107922178086658,0.108487135104705,0.315394188403413,0.0232263490850749,-0.156001685256663,0.129567448439522,0.514515940829119,0.00720504431161829,0.194805194805195,0.522951768022663,-0.0918655909424371,0.778349707718767,-0.662871506922036,-0.352314045669652
"carn_2",0.281093393402436,-0.405929351740928,-0.186002321913577,-0.361716674757204,-0.0123887169039992,NA,-0.147572026128596,0.296815532270271,-0.191742375359181,-0.258559388028726,0.0502829599161325,-0.0123887169039992,-0.0123887169039992,NA,0.0195421892443163,0.65071461595081,0.140108463207222,0.605107880748016,0.269736955649169,0.26578725272508,0.520764940787298,0.609375478945264,0.249818569223581,0.0485854007229407,0.489540194967611,-0.199028078981944,0.682254722780302,0.204938730946601,1,0.221331936809246,0.513834894050916,0.472718829224647,0.572362187068195,-0.284799902446466,0.732066748141173,0.313084944628534,0.241667525336922,-0.199028078981944,0.110441714013443,0.138238916823706,0.0618382870643163,0.037219092115936,-0.227583968710387,-0.251740501704378,-0.0370952616747579,0.528821741262827,0.121597355954344,0.207517947982116,0.0323018491566096,0.212281262779251,-0.0216272929792445,0.0913780260080837,-0.242878433027749,0.490116070719598,0.635600791875187,-0.342165350019909,0.216574738876181,-0.187388313408032,-0.171837024883556
"detritivore",0.357691953132548,0.361425253067403,0.717358467616553,-0.245510074244345,-0.157188102561318,NA,-0.356278705971958,0.739994283361267,0.697168464262372,0.536679130168569,0.685069830162526,-0.157188102561318,-0.157188102561318,NA,0.66606548758618,0.168523684125629,-0.020679142450665,0.266726391866473,0.15538243861449,0.390945982584531,0.495674568336276,0.258650487379807,0.372145764951725,0.341014362569712,0.49616494497706,0.00396899771312269,0.137367502283801,0.249689315114702,0.221331936809246,1,0.503722185816439,0.355944125049215,0.00565954819978559,0.258237003071727,0.205661408394781,0.771894039658029,0.990068035556504,0.00396899771312269,0.848998979661597,0.775365480860618,0.830807039692872,0.172779933067113,0.138895153336885,0.198616357610948,-0.241496248592539,-0.31325543556043,-0.164181999696742,-0.0109091041275444,-0.250494051277981,-0.381072866048127,0.713264382538902,0.223337972847435,0.296082549519753,-0.134016305979214,0.486732208716696,-0.304087817102306,0.263729258805227,-0.0723336087211057,-0.178919472470122
"herb_2",0.366029711859274,0.227050786138806,-0.0837402097458153,-0.368116595340243,-0.144497194767576,NA,-0.144497194767576,0.503657235776129,0.0277067236506322,-0.0567679522438614,0.374223887550694,-0.144497194767576,-0.144497194767576,NA,0.343634227948267,0.182468809190312,-0.0194074413607747,0.170320125948422,-0.0926579725313751,0.292814319639792,0.554507256834751,0.124702435622597,0.0772029769322933,0.0521462994450653,0.524423602457355,-0.0314230662064412,0.671200193186829,-0.206605798720938,0.513834894050916,0.503722185816439,1,0.470822774494453,0.0827619086256872,0.00896302527269777,0.721813453506915,0.823139609517844,0.515610329770883,-0.0314230662064412,0.518679071086568,0.455985821208754,0.522727498489456,0.0290538814135517,-0.324907781417958,-0.318852105065265,-0.277537814109728,0.12874469455887,-0.197113386878406,-0.215306173040196,-0.167597228614183,-0.00851111904095609,0.194598175092798,-0.18008766478001,0.349165378263356,-0.086702870023439,0.366926378784966,-0.0958485628939256,-0.0669895913964862,0.122328988890886,-0.10451203310754
"invertivore",0.420565995567678,-0.0208650076070703,-0.0910176132097225,0.0673807269687049,0.473503789423646,NA,-0.1587553298934,0.469950358870407,0.157742665595182,0.16988240074456,0.336767277294719,0.473503789423646,0.473503789423646,NA,0.346263906662352,0.0623060747827562,0.284922933574198,0.115919045833608,0.159182687451652,0.355493090802835,0.985868021756193,0.43290459417785,-0.317841589837589,-0.492754661658923,0.987664146511688,0.459422678207713,0.254760057157753,-0.180133340340687,0.472718829224647,0.355944125049215,0.470822774494453,1,0.0393620621702861,0.390293304118799,0.407100689281959,0.331709549054323,0.411039516602482,0.459422678207713,0.113698659196904,0.106133107682282,0.104161397232431,0.0208721309416426,0.0777355069088687,0.083528388107928,0.0416423683537173,0.00454688798530414,0.342155490650109,0.269656859463113,0.271101389856733,0.24667002402294,0.182869954797639,0.0118423476302288,-0.152325886324963,0.0331132105006044,0.412307916117105,0.0279476176704383,0.110739174087514,0.546054468583265,0.620095736056133
"omni_2",0.349783875684301,-0.520355896230215,-0.239163559670106,-0.281930286258076,-0.205886747762289,NA,-0.205886747762289,-0.200528366616526,-0.422295470683214,-0.433645943888004,0.054809484464326,-0.205886747762289,-0.205886747762289,NA,0.0298683325988818,0.597414204296487,-0.046023089112329,0.604031839389447,-0.107627560752389,-0.119135788472756,0.0719602192598125,0.708421298375589,0.525930886440022,0.316751701809089,0.0499622628903417,-0.205886747762289,0.394637879582885,0.485115908839056,0.572362187068195,0.00565954819978559,0.0827619086256872,0.0393620621702861,1,-0.421667587606426,0.398261564205192,0.12322634915164,0.0242842142112387,-0.205886747762289,-0.169740297159875,-0.0643401786656602,-0.224973498265842,-0.116345881351263,-0.353131631148266,-0.356906764561246,-0.252159593451191,0.0987721571380685,-0.220626031761468,-0.144627658976597,-0.264214812406487,-0.137133497536396,-0.360585153099331,-0.221000743284336,0.18913219658237,0.0415342408985347,0.571408763968874,-0.349594521666157,0.303608230516785,-0.491037550382055,-0.360190563279532
"piscivore",-0.200117966306117,0.606626519589751,0.135867981742314,0.409720616936076,0.314771165815172,NA,-0.2487391128519,0.328975758260811,0.513609609284554,0.541973517134605,0.0724620617443376,0.314771165815172,0.314771165815172,NA,0.109150797977596,0.00254102367717184,-0.0660162294569044,-0.0658648019721502,0.561935837242132,-0.184999782167213,0.372281868974629,0.156762168335056,-0.067066201924995,-0.0890791300977709,0.390147358329655,0.538198048234046,-0.197683861937241,0.212015847941904,-0.284799902446466,0.258237003071727,0.00896302527269777,0.390293304118799,-0.421667587606426,1,-0.300534726937335,-0.0269394474150343,0.217995614730921,0.538198048234046,0.18561762878199,0.146671356026483,0.168712081809951,0.101245408289475,0.356958517410034,0.342308782983698,0.350777266906009,-0.365220729804499,0.475116598511761,0.428933490764615,0.492398012896168,0.238122799925851,0.413253557664689,0.425591135422907,-0.038020350491192,-0.0636375756230424,0.0904019588761685,0.553399509335128,0.468206446535047,0.23162864258651,0.493176336795357
"planktivore",0.152466776792887,-0.376903913179825,-0.130466043720897,-0.286566381329221,-0.128298272477875,NA,-0.125276712190305,0.294196789620805,-0.333232362107518,-0.399915248293403,-0.0356419186530305,-0.128298272477875,-0.128298272477875,NA,-0.0609233381919164,0.354966401742384,-0.106201274951053,0.265429505527294,-0.0825290794794173,0.241183864944099,0.467654756594537,0.273693949820568,0.103368180640328,0.0224920626783536,0.421167058409288,-0.132790855537025,0.923654098483691,-0.056930235267587,0.732066748141173,0.205661408394781,0.721813453506915,0.407100689281959,0.398261564205192,-0.300534726937335,1,0.56656037955564,0.227035218355978,-0.132790855537025,0.0959138347189724,0.156321466009534,0.00310098826933662,-0.114643337090728,-0.221249313991324,-0.22029721333846,-0.167229269084345,0.41024932236415,-0.124424636151155,-0.171597150483544,-0.0819650860551333,0.176920667165655,-0.0663540546281319,-0.299343216875059,-0.107264800286605,0.230971468094186,0.383557709162488,-0.413755939932924,-0.105173064518545,0.0253222865909595,-0.172762565835657
"num_bai_chr",0.546160519736902,0.223310580503653,0.378600141559944,-0.238813540737598,-0.112102411372965,NA,-0.175092289672587,0.689135223710279,0.277641861624949,0.103202373169566,0.691041341832435,-0.112102411372965,-0.112102411372965,NA,0.672955031270872,0.142058545045118,0.084123530287629,0.227223914257177,-0.25280242636815,0.304934588734371,0.459072199226866,0.083139983268277,0.245808362589183,0.24471724803637,0.439647484325731,-0.239206987227559,0.465311873619555,-0.0550757271292306,0.313084944628534,0.771894039658029,0.823139609517844,0.331709549054323,0.12322634915164,-0.0269394474150343,0.56656037955564,1,0.783826719190135,-0.239206987227559,0.737490128194657,0.719930873944776,0.683509333620749,-0.0866095755223065,-0.0423626902543644,0.00469718283141803,-0.294104520961181,-0.0809315749979924,-0.259186968832789,-0.234565324296446,-0.272929334448394,-0.364427698815017,0.511931376461954,-0.230512732288661,0.485517874754516,-0.256467682294295,0.399093806755307,-0.430125380232717,-0.0110143697594933,0.0604293478092386,-0.218462751827901
"num_ort_chr",0.448039051783771,0.279609313558152,0.704877627402123,-0.298085132192905,-0.128365161628384,NA,-0.321167012613282,0.750224149489549,0.701739840503514,0.549162106995463,0.733753076552515,-0.128365161628384,-0.128365161628384,NA,0.710640404944211,0.121019971595516,0.0719375323679494,0.253408297683003,0.0990972267584474,0.421051353188571,0.544707758868342,0.270899392567831,0.29462821453463,0.244645215330587,0.547823713245752,0.0277014065570762,0.107209926048501,0.20164196360484,0.241667525336922,0.990068035556504,0.515610329770883,0.411039516602482,0.0242842142112387,0.217995614730921,0.227035218355978,0.783826719190135,1,0.0277014065570762,0.845215077257525,0.794757183786861,0.803917846506022,0.0878459090640205,0.0844594931938165,0.149899460623176,-0.313472555865995,-0.315682899527701,-0.180569128777084,-0.00345427846878636,-0.29959241659229,-0.427503753687051,0.677752004699714,0.217355886221826,0.325122607869329,-0.182883389342922,0.44784740551669,-0.330901440347713,0.18418045628713,-0.0028790330833697,-0.130911388399623
"num_ops_tau",-0.202543316959363,0.180895109861439,-0.143342269708913,-0.103399680055878,-0.0909090909090909,NA,-0.0909090909090909,-0.254823595718813,0.197801014955431,0.436432484669702,-0.168368446297222,-0.0909090909090909,-0.0909090909090909,NA,-0.178398335142666,-0.28189156067721,-0.250161902814237,-0.279185242654313,0.202349467113854,-0.0197661070679319,0.401978866278732,0.253791046089964,-0.306772129797496,-0.389263940425063,0.418381691941634,1,-0.168964464110306,-0.0649350649350649,-0.199028078981944,0.00396899771312269,-0.0314230662064412,0.459422678207713,-0.205886747762289,0.538198048234046,-0.132790855537025,-0.239206987227559,0.0277014065570762,1,-0.232540725624287,-0.298833668800691,-0.150427683403103,0.211487894637447,-0.229138406672508,-0.217086799158916,-0.244735306997047,-0.311587936774776,-0.124715171308046,-0.144387494117948,-0.0872055359153892,0.349736567806153,-0.326515581449209,0.200806897749822,-0.086324080863761,-0.0909090909090909,-0.111417421096565,0.671600907569136,0.0181495237767858,0.235468601460773,0.432765685119416
