"","deploy_num","halodule","zostera","ruppia","algae","oyster","saltmarsh","other","richness","shannonD","evenness","seagrass","richness_comb","shannonD_comb","evenness_comb","total_cover","avg_blade_length","avg_shoot_density","max10","depth_m_avg","sal_avg","total_abund_sum","comm_richness_sum","comm_shannonD_sum","comm_evenness_sum","carnivore","herbivore","omnivore","soniferous_S","carn_2","detritivore","herb_2","invertivore","omni_2","piscivore","planktivore","num_bai_chr","num_ort_chr","num_ops_tau","seagrass_area","seagrass_core.area","seagrass_perimeter","seagrass_perim.area.ratio","saltmarsh_area","saltmarsh_core.area","saltmarsh_perimeter","saltmarsh_perim.area.ratio","oyster_area","oyster_core.area","oyster_perimeter","oyster_perim.area.ratio","habitat_total","NNratio","dist2adjPatch","richness_landscape","avg_temp","avgTempAll","avgTempNight","medTemp","minTemp","maxTemp","avg_spl_low","avg_spl_high","TFPercentPresenceNight","TFAvgPresentNight","TFMaxRate","PerchPercentPresenceNight","PerchAvgPresentNight","PerchMaxRate","BoatMaxRateAll","BoatAvgPresent","BoatPercentPresence","nFiles"
"deploy_num",1,-0.0836959857431295,0.099457788109159,0.0109337464121512,-0.0365828588481537,0.0892582567934746,0.356182142383209,-0.0814507988937161,0.197385508487931,0.0930501922646289,0.110123112614401,-0.0476341283027284,0.224661683594821,0.112406797768268,NA,0.139769925758814,0.265512241009316,-0.110694895906348,0.22378905356128,0.258768413312228,-0.566163633574477,-0.104073296385726,0.164309290408544,0.273503228188632,NA,-0.126188157425298,-0.183140308700208,0.378840514098695,0.310317965391448,0.155936461056412,0.128370255404583,-0.00898687665556225,-0.14740532812795,0.198828010681801,0.0288917958094968,0.049631743101789,-0.00577530175977498,-0.00359431457501131,-0.183140308700208,0.0471063850813426,0.0806552707768492,0.00246733696668027,-0.141736426639452,0.126938233416049,0.103214891497852,0.155700655494098,0.0513330392971559,0.085799701477731,-0.0512592232476846,0.127715140954583,0.0600602433458913,0.145198550286171,0.0285511362253575,-0.0653930891963886,0.211533536012155,0.655712403067464,0.711747785759279,0.723074661314179,0.728927619512733,0.63780365040829,0.466925399539892,-0.211463118590395,0.556571602272059,-0.398035279050654,-0.516526927771653,-0.452762472520003,-0.663787693003757,-0.495303394887522,-0.652583136760936,-0.483059854623133,NA,-0.181072196555317,0.249341237326638
"halodule",-0.0836959857431295,1,0.461947730026431,0.297253753262239,0.219740598485107,-0.390096330338017,-0.452482643808546,-0.153738578024168,0.581981913682749,0.137620127079191,-0.0392268889183497,0.966031733129515,-0.10723998207268,-0.529592309052693,NA,0.724937581581606,0.767437730985672,0.925511214175319,0.843731615560876,-0.297837362924793,0.0676025650408466,0.803096972748474,0.830128558556863,0.484838471737459,NA,0.809386483394209,0.0800584749363007,0.0942350454472959,0.7081992685336,0.597793741087907,0.674352895712916,0.451971494735589,0.784374068632858,0.186853801732994,0.611729994761233,0.325540088637164,0.659253531846254,0.733508727494317,0.0800584749363007,0.579071344603476,0.609134692060013,0.438382261142404,-0.220471051679446,-0.466635970388799,-0.420171624511976,-0.579230221857196,-0.292499625498417,-0.403002433129773,-0.303395814323582,-0.4308110873776,-0.476678266611976,-0.285238902030406,-0.185404350232153,0.0333089964804526,-0.232061659029203,0.321878499345623,0.127243258422741,0.199637446175167,0.182101131087932,-0.0419501871963972,-0.0291093602096834,-0.492794398949506,0.144102203249676,0.172944615185326,0.222438950186889,0.198982563753876,-0.295378840463031,-0.308977024627819,-0.318786620022219,-0.130109515075086,NA,-0.0157145915568,0.27479122964095
"zostera",0.099457788109159,0.461947730026431,1,0.296929214142205,0.378304058483616,-0.270069895493748,-0.315386604634603,-0.127328687910123,0.411431083592402,0.298280933183383,0.143468725930562,0.627992754582021,-0.110691099010909,-0.371838748649195,NA,0.465315144479035,0.496822582505685,0.433500356023779,0.499023046476817,-0.00604925097816361,-0.0829205795708829,0.463294884465535,0.476063488295169,0.402138692851822,NA,0.470376665652274,0.266688918913682,-0.0104447699619882,0.500619212899811,0.0640931877227062,0.588983038834374,0.364695344709629,0.435971098137365,-0.202462181349193,0.771977954206482,-0.111027140318237,0.447172849030129,0.560645709966245,0.266688918913682,0.535394411875989,0.412791565363272,0.573413898168928,0.0114094434264767,-0.280311610579216,-0.25033638359552,-0.359649272476754,-0.332493447507714,-0.266658800425481,-0.247931958189441,-0.255244441272645,-0.165090388758584,-0.109956280884498,-0.0430859357958837,0.0432405258512703,-0.182273190529495,0.214669742542098,0.132166698531717,0.171223067437467,0.13136316868224,0.293287496573307,-0.0727708246767734,-0.141655463703871,0.263290149006473,0.173278031964881,0.112760903830125,0.164997824674486,-0.250848097452193,-0.247676158457747,-0.261243293224716,-0.101940228235008,NA,0.154888362422963,0.122859558218369
"ruppia",0.0109337464121512,0.297253753262239,0.296929214142205,1,0.0701754979900519,-0.14389834031465,-0.16732739469112,-0.0709194084682423,0.386694093952052,0.555209545615285,0.310343429367586,0.471683538466634,-0.0940449392716698,-0.200499301299552,NA,0.400761480185448,0.253410331773853,0.299640330523964,0.30550919958523,0.0192343321336731,0.18993734874403,0.254711362502672,0.260880522598167,0.283297660040548,NA,0.263886300785506,-0.0664419632062078,-0.100841094231596,0.404538351497692,0.0305867767368553,0.698438474861506,0.0270924158254836,0.179618345492581,-0.111009222935035,0.329383579843948,-0.0244802093568249,0.468178133985582,0.714631351814049,-0.0664419632062078,0.612715421606124,0.605474763335394,0.501825857508884,-0.0664914970788142,-0.0852284531572397,-0.0488008202551867,-0.22007594107494,-0.24299038276415,-0.169540933051293,-0.074635277553196,-0.188033746102953,-0.426059726927788,0.107679439946509,0.130465124679349,-0.02579392515104,-0.103377943767346,0.100688501388535,0.206044675654386,0.221798456354368,0.21891888173404,0.191777461857987,0.0670323138104304,-0.307911590715096,0.101825608105057,-0.132638849663078,0.0137164881549805,-0.0795962573908412,-0.207958511682698,-0.204551514525091,-0.223411739402629,-0.212621837568011,NA,-0.0580927004922486,0.394961908894794
"algae",-0.0365828588481537,0.219740598485107,0.378304058483616,0.0701754979900519,1,0.0799848547838697,-0.174531442062817,-0.126383256891484,0.329479178787204,0.0059300236347588,-0.0459340262103418,0.267610871136915,0.243889397394363,-0.119276993641267,NA,0.337362684906264,0.258734108558978,0.330011774937381,0.231883727871514,0.0385228621831725,-0.178165435287478,0.26799399880235,0.243698837258436,0.160552702288088,NA,0.273650909937731,-0.015188162784737,-0.0333621943449864,0.254015177976718,-0.0678096011450473,0.0686395459332978,-0.193105000813518,0.303031236634558,-0.163645904457146,0.501224055651468,-0.145365269771418,-0.010733571187169,0.0311951587877388,-0.015188162784737,0.0344820727712231,-0.0175602959643646,0.0918718487191985,0.0176195121443819,0.0567088112316967,0.0657055883027065,-0.0115698257018822,-0.137502343900315,0.213475193201825,0.217886126322184,0.192613113941253,0.0771231164925889,0.106221978376807,-0.186890074503879,-0.238133882910479,0.159940340753753,0.0770104427365085,-0.0596849864255308,-0.0403860432746386,-0.0588731667377833,-0.0356543783705958,-0.0561271826635522,-0.0724424633139625,0.354406660656549,0.459568670876464,0.444550027939322,0.455392659128538,-0.222672977864936,-0.0472125307365376,-0.0907681854242559,-0.0202549120656349,NA,0.110106845564315,-0.23855756924109
"oyster",0.0892582567934746,-0.390096330338017,-0.270069895493748,-0.14389834031465,0.0799848547838697,1,0.199435494859279,-0.100509737955431,0.0619993287925647,0.162042960632579,0.275861441501635,-0.399237810605981,0.506479723171386,0.512509049840018,NA,0.194910891906096,-0.430365841850056,-0.398317698036275,-0.429144035408388,0.479922066943711,-0.169164382934936,-0.325773228751933,-0.335711595501915,-0.17383135161411,NA,-0.340629967417908,-0.0941641287672438,0.187416483779591,-0.331580913346599,-0.249958640147522,-0.175632919132359,-0.144938746346445,-0.331748950772951,-0.10133484056302,-0.350411012173526,-0.160706296078308,-0.219213895839609,-0.293074149036716,-0.0941641287672438,-0.0842657402668496,-0.269839221820974,0.204209966130986,0.196063745417927,0.608868010829415,0.535361674525669,0.722937588272586,0.0898471817889487,0.950224481018439,0.718590141769475,0.956796018536011,0.177072036694551,0.698954595801893,0.0369138249219838,-0.144276493008006,0.172572256061465,-0.0478204115971517,0.0706108084521915,0.0289077859946543,0.036430876695509,0.18616320951716,0.0945388032890771,0.439315417364438,0.462169598013599,0.391507911115412,0.461001871629986,0.464414681577935,-0.0838288136522737,0.252101414712336,0.15740890485827,0.367835168824092,NA,0.432188938040825,-0.324678119256583
"saltmarsh",0.356182142383209,-0.452482643808546,-0.315386604634603,-0.16732739469112,-0.174531442062817,0.199435494859279,1,0.159366938108071,0.0708075112401291,0.120346541237565,0.240162770004069,-0.463574627741543,0.588943085492417,0.519501453907647,NA,-0.0227030161223716,-0.444489702433132,-0.466659755081205,-0.457535895542829,0.121415512109417,-0.235550768935317,-0.396429988317006,-0.442792804846427,-0.0725535355320886,NA,-0.39532489610444,-0.109495622434069,-0.123046277713513,-0.427252465826065,-0.291924316082604,-0.34324338122799,-0.168537196210307,-0.384679498556937,-0.0141300166344498,-0.410426063267953,-0.178203479529346,-0.254601372251831,-0.341798801853953,-0.109495622434069,-0.324619799344938,-0.304606197630076,-0.272080947617116,-0.0655726769843501,0.385440965905763,0.357698032361556,0.431916882765505,0.256657347208065,0.261896455859768,0.217185454799354,0.272267508824118,0.198124701404335,0.275293768488138,0.135470792626149,-0.142362423051324,0.202609466733507,0.0791347969308402,0.157520084278675,0.106176233242247,0.129762014630338,0.280143755410508,0.169563480400856,-0.0298437061207272,0.0911946895244905,-0.115813883596086,-0.1333597308813,-0.125747104565747,-0.255291478222668,-0.152727756552366,-0.213479595142152,0.0163273615704666,NA,0.16648162585705,-0.173963321118213
"other",-0.0814507988937161,-0.153738578024168,-0.127328687910123,-0.0709194084682423,-0.126383256891484,-0.100509737955431,0.159366938108071,1,0.0300107870652508,-0.00175514171367581,0.0388266735270075,-0.163842442930592,0.229908924838633,0.147813378303006,NA,-0.185188298029291,0.0196740690673016,-0.160743528123908,-0.0329563781449391,-0.163438370961249,0.182287827848173,-0.148828616295729,-0.0624545738573658,0.381067501358956,NA,-0.153074986048825,-0.0464082094101849,0.039146437370005,-0.0830655039180478,-0.116265576378117,-0.144857617516013,-0.0714321661566238,-0.147174453853963,0.727992953443216,-0.162333005879512,-0.0448633218752735,-0.106802083336934,-0.142666515654975,-0.0464082094101849,-0.0962870030359549,-0.15916926903553,-0.0110223867264782,0.186720948708101,0.590409966144857,0.669406223832594,0.127991991162061,-0.136554846090947,-0.142943799919773,-0.162774068839842,-0.131225384704261,0.32771081186867,0.450241937292702,-0.131474362323434,-0.0269345844934047,0.139368121830333,0.112657353432766,0.119962107549001,0.113074531458595,0.106760875838832,0.140101057324135,0.0925422666176144,-0.203767519426487,-0.364867019773773,-0.118358176591358,-0.13892441480983,-0.128890991228106,-0.105710866207196,-0.11632628297076,-0.125151867891817,0.00740374401902571,NA,-0.111975694735939,0.273043800029521
"richness",0.197385508487931,0.581981913682749,0.411431083592402,0.386694093952052,0.329479178787204,0.0619993287925647,0.0708075112401291,0.0300107870652508,1,0.610076911781539,0.504898169285719,0.626182937384189,0.61287009724538,0.0906526163621012,NA,0.81035708323544,0.568592623675701,0.583499254772917,0.582052752039082,0.117387801128678,-0.026294705105995,0.591048859336034,0.606439074273066,0.60362144491563,NA,0.585947132472741,0.0281160778557767,0.247650153478554,0.565648891518943,0.417606555860236,0.616297098535738,0.366912944259262,0.557248290529301,0.152997177858738,0.53385484284924,0.244083100496701,0.513941397662878,0.594499837585311,0.0281160778557767,0.501787094156344,0.424887580894136,0.498328773808687,-0.16897729010209,0.0822555528417069,0.0871719657421788,0.0516586938068527,-0.00118719098703354,0.0938181522251275,0.142154039942422,0.0769740280686212,-0.133881697962668,0.269231877814257,0.177390559024898,-0.319236620326133,0.0714451422608158,0.408630680574098,0.32021590600144,0.328016603064957,0.340992017780284,0.208944691904188,0.242536476857615,-0.585431110211488,0.400558717281329,0.260416195299468,0.367144793413535,0.32026944753578,-0.667115884555632,-0.520287265307588,-0.600642815287624,-0.00717680758327152,NA,0.222048173533078,0.120306625796447
"shannonD",0.0930501922646289,0.137620127079191,0.298280933183383,0.555209545615285,0.0059300236347588,0.162042960632579,0.120346541237565,-0.00175514171367581,0.610076911781539,1,0.943531053343285,0.265539470892229,0.492996533606253,0.479824274645326,NA,0.451520200876763,0.0762441110725812,0.16609937730851,0.126536691334905,0.260943824333061,-0.0143260684581925,0.180168378230911,0.107766419806473,0.129407699823913,NA,0.192832429375794,0.159297551543242,-0.185823961539162,0.182444085882333,-0.062270030193406,0.44035396931136,0.0493469959733491,0.145572407914723,-0.146028304741346,0.305171703755896,-0.227666218371532,0.228317972046705,0.445947647126536,0.159297551543242,0.315824354058847,0.253819291208374,0.330216836505456,-0.100362494605125,0.239288481304252,0.214094883925634,0.33892937096899,0.0922307279982436,0.203096008907987,0.26492380575914,0.198024167047156,-0.0720599383695675,0.362877376508434,0.536036676239612,-0.133318640113923,-0.0216828309582149,0.0953608870134559,0.186224805885433,0.142065605854944,0.168011048349618,0.182584621790609,0.103194838961834,-0.169396844911888,0.328616005596202,0.12707188019349,0.176783621553062,0.15179580301272,-0.425495620140398,-0.300580632147084,-0.346692708890033,-0.0264390561775671,NA,0.342551035692165,0.133008268682382
"evenness",0.110123112614401,-0.0392268889183497,0.143468725930562,0.310343429367586,-0.0459340262103418,0.275861441501635,0.240162770004069,0.0388266735270075,0.504898169285719,0.943531053343285,1,0.0480060359233526,0.611478416118164,0.685443276415221,NA,0.310436959028095,-0.0742022816869024,-0.0103556617667864,-0.0351685201142048,0.271451886830626,-0.103737718215226,0.0243567025831756,-0.032440249605165,0.0214783164347714,NA,0.034828193550332,0.228432441769921,-0.186930884846411,0.0147399021560461,-0.161784295014053,0.194331152314836,-0.0533405176474833,0.010817366393445,-0.118879357170503,0.137318199618158,-0.269323068872679,0.0258277977426963,0.191472907995087,0.228432441769921,0.048115449677371,-0.0176815016506481,0.12009435827499,-0.0756706487251698,0.35349446557001,0.308645417515013,0.522311937432874,0.229563593911449,0.31094253463454,0.312224273560505,0.323065637123732,0.112243638913884,0.389925043825731,0.563582973126629,-0.171473057196916,0.0261800290658882,0.0329709951362559,0.125905673633021,0.0682849883182873,0.0989019088759474,0.149070853313047,0.0869129921365858,-0.0717439470752148,0.320602831282042,0.140637335477353,0.159021049063838,0.147401967063993,-0.38907451109983,-0.249245252620216,-0.290498543583952,0.0636427787875586,NA,0.414286309044364,-0.0221857892809722
"seagrass",-0.0476341283027284,0.966031733129515,0.627992754582021,0.471683538466634,0.267610871136915,-0.399237810605981,-0.463574627741543,-0.163842442930592,0.626182937384189,0.265539470892229,0.0480060359233526,1,-0.126081550240208,-0.543889459685726,NA,0.757115137195042,0.773644833055403,0.899366629812129,0.845779223544346,-0.243715335580827,0.071343876393373,0.796682962668264,0.822538398184162,0.526833911734998,NA,0.804808188759622,0.107429349040373,0.0587647637308938,0.750891784271635,0.511016497043451,0.789722446050326,0.449315739099855,0.763242234809983,0.095658912828715,0.712119905369484,0.242632787813149,0.710665088346728,0.835671317012588,0.107429349040373,0.686152759862429,0.685594532879807,0.558933495533702,-0.190835176518266,-0.454557787034834,-0.404197543827992,-0.585733613548595,-0.347643517358844,-0.413521203151969,-0.311707318096812,-0.43732410208986,-0.497384142278089,-0.238933708392793,-0.139560054470984,0.0316695335831394,-0.244741751495718,0.324781443634737,0.165624487573062,0.235697128074492,0.21289288469098,0.0553575678123792,-0.0270956939610181,-0.486225924686315,0.18786077881005,0.154557393541691,0.208053773190218,0.183318383187724,-0.328055204227304,-0.33807855460358,-0.352012103246453,-0.163140451117978,NA,0.00778566682738627,0.31726145698975
"richness_comb",0.224661683594821,-0.10723998207268,-0.110691099010909,-0.0940449392716698,0.243889397394363,0.506479723171386,0.588943085492417,0.229908924838633,0.61287009724538,0.492996533606253,0.611478416118164,-0.126081550240208,1,0.705698414562709,NA,0.399433522346086,-0.11922677925523,-0.0895607005365654,-0.125580822991556,0.259294633122,-0.181871977078936,-0.0515723946032258,-0.0712477836195747,0.202355996251511,NA,-0.0570315298149152,-0.061541083462959,0.0868722323876149,-0.110151655805782,-0.101295311437233,-0.0835032795404393,-0.0947248979276492,-0.0386772525680607,0.15029430751536,-0.0840416982170263,-0.127155107739733,-0.107448574074881,-0.14224394623819,-0.061541083462959,-0.152880692491035,-0.246938464583965,0.0111626228547426,-0.0430487085564854,0.604923199992887,0.560206851442886,0.693741753753952,0.300137826353592,0.565801128605079,0.497088950110994,0.56414070917966,0.257269849984711,0.59087148161173,0.281566015366918,-0.369753762531725,0.253052378206075,0.207385825703521,0.206987909118353,0.139740418236752,0.179121021774603,0.189914033024269,0.304848089498346,-0.252455193735091,0.325353143780648,0.309011857548652,0.349355153842108,0.338951215387088,-0.545387257574044,-0.319036599038753,-0.405535499844211,0.109961269036775,NA,0.302626775442139,-0.196300368278988
"shannonD_comb",0.112406797768268,-0.529592309052693,-0.371838748649195,-0.200499301299552,-0.119276993641267,0.512509049840018,0.519501453907647,0.147813378303006,0.0906526163621012,0.479824274645326,0.685443276415221,-0.543889459685726,0.705698414562709,1,NA,-0.130959765260904,-0.53244095159141,-0.543418894027879,-0.545087960683572,0.215461876937191,-0.0652668057253757,-0.463664955456621,-0.559315875973044,-0.303411117637327,NA,-0.466310174944439,-0.131202639196745,-0.0718305304960243,-0.528412528717923,-0.344070946036331,-0.377242025637076,-0.201948940551725,-0.453499009277166,-0.0186087908266983,-0.47841651127097,-0.214489883860343,-0.293844555799574,-0.405011005117314,-0.131202639196745,-0.438361201226381,-0.488237016518048,-0.276991399537972,0.0333067847950956,0.62384501984661,0.548202068638071,0.872817676361997,0.472120379728274,0.55651251557613,0.446043034120954,0.589506464031993,0.364383800653982,0.504150834499864,0.406736880253139,-0.132140123522332,0.13787050933291,-0.0841478623367267,0.0706665605724863,-0.0357525828819935,0.0251836876728216,0.0810995014962571,0.197842170080866,0.133754090219587,0.141624538837877,0.00511035981271227,0.0653962922570844,0.0378864869841604,-0.211963681860889,-0.0682718220014409,-0.110625009326063,0.163589563601402,NA,0.303069152096917,-0.161018075417336
"evenness_comb",NA,NA,NA,NA,NA,NA,NA,NA,NA,NA,NA,NA,NA,NA,1,NA,NA,NA,NA,NA,NA,NA,NA,NA,NA,NA,NA,NA,NA,NA,NA,NA,NA,NA,NA,NA,NA,NA,NA,NA,NA,NA,NA,NA,NA,NA,NA,NA,NA,NA,NA,NA,NA,NA,NA,NA,NA,NA,NA,NA,NA,NA,NA,NA,NA,NA,NA,NA,NA,NA,NA,NA,NA
"total_cover",0.139769925758814,0.724937581581606,0.465315144479035,0.400761480185448,0.337362684906264,0.194910891906096,-0.0227030161223716,-0.185188298029291,0.81035708323544,0.451520200876763,0.310436959028095,0.757115137195042,0.399433522346086,-0.130959765260904,NA,1,0.484126862627176,0.642610718845777,0.561742863660931,0.0430012937410267,-0.119330073707477,0.590424303081846,0.594853621077636,0.493296242869473,NA,0.592084944610956,0.0249914929196793,0.123756505972495,0.520723054636213,0.327093534161587,0.679858294069461,0.359851426225663,0.554768324878225,0.0418358365407635,0.484353855231177,0.109054768351106,0.595299980855677,0.664575122310994,0.0249914929196793,0.617866056545981,0.515990505903184,0.660310307891673,-0.134706157260523,-0.0157276073865452,-0.00990224962758565,-0.0893204882906017,-0.255223137092126,0.182205611809379,0.149546830736342,0.161503714907687,-0.390175416781239,0.243525455359379,-0.0958819465532795,-0.116967793033303,-0.0935174480494999,0.387331798545839,0.295197029093516,0.332680593607717,0.319159774789201,0.284916168191802,0.0897805851227532,-0.330448673590354,0.538089355834913,0.380383812486355,0.474392477063101,0.45131598405823,-0.54658478740784,-0.314285484980437,-0.412072396245785,0.0269206301448087,NA,0.330618508389306,0.0999998471405694
"avg_blade_length",0.265512241009316,0.767437730985672,0.496822582505685,0.253410331773853,0.258734108558978,-0.430365841850056,-0.444489702433132,0.0196740690673016,0.568592623675701,0.0762441110725812,-0.0742022816869024,0.773644833055403,-0.11922677925523,-0.53244095159141,NA,0.484126862627176,1,0.763933823924247,0.985472260376731,-0.0380830053387049,-0.128493072575603,0.697373605481968,0.932760386546887,0.745378692950402,NA,0.691119163987772,0.0573015549575984,0.296324121125598,0.927968623867677,0.726438349446323,0.600320649388176,0.356692369108938,0.666815500806325,0.389633850951728,0.680123248453421,0.409736720962265,0.476612458580841,0.607114139162742,0.0573015549575984,0.463282838542889,0.478298729903397,0.335917578825179,-0.130584422687183,-0.353432869157213,-0.296556642391072,-0.539988879095291,-0.212122742599432,-0.41890130501244,-0.295928340021815,-0.436226066743483,-0.182786155742558,-0.231029184933963,-0.0957966211478409,-0.130462212969619,0.0392092155590434,0.48568623769663,0.319857147626515,0.396145446142332,0.372858407508847,0.133632332321129,0.127563067491904,-0.512955503540682,0.275670760406211,-0.0458297049667945,-0.0546431890311946,-0.0438012382166803,-0.435413308188487,-0.418468900144585,-0.463343105395731,-0.249887906454067,NA,-0.187435137032547,0.313253379455429
"avg_shoot_density",-0.110694895906348,0.925511214175319,0.433500356023779,0.299640330523964,0.330011774937381,-0.398317698036275,-0.466659755081205,-0.160743528123908,0.583499254772917,0.16609937730851,-0.0103556617667864,0.899366629812129,-0.0895607005365654,-0.543418894027879,NA,0.642610718845777,0.763933823924247,1,0.826624644033533,-0.203530599501478,0.00968641086275873,0.749336736227197,0.806546180271915,0.421429966345283,NA,0.75917252151919,0.0731096873731617,0.0153357325276036,0.713584342989947,0.547429803176697,0.551179495866892,0.276788084375665,0.748779407842293,0.058762382328999,0.675683021785136,0.213260738872124,0.464405285837282,0.603471017952687,0.0731096873731617,0.524539744370778,0.577299554354373,0.346550625598114,-0.248095636027723,-0.465526182768239,-0.421073020929007,-0.571279650423544,-0.198374456497768,-0.365638794802349,-0.211793355973725,-0.407289970053503,-0.363835988440847,-0.295809344789348,-0.0838810632074085,-0.079557917640199,-0.0826804108020336,0.185380479493883,-0.0263806077643394,0.0571962776615183,0.0362935510421779,-0.193901286667704,-0.139103274714363,-0.458875101903285,0.128303223041034,0.201895451280642,0.247193081381705,0.213125415179058,-0.257999625616171,-0.266766375296575,-0.25682086957537,-0.165883104614234,NA,-0.0729614814545576,0.115844204642807
"max10",0.22378905356128,0.843731615560876,0.499023046476817,0.30550919958523,0.231883727871514,-0.429144035408388,-0.457535895542829,-0.0329563781449391,0.582052752039082,0.126536691334905,-0.0351685201142048,0.845779223544346,-0.125580822991556,-0.545087960683572,NA,0.561742863660931,0.985472260376731,0.826624644033533,1,-0.0737582643319821,-0.134970329037613,0.726207870734315,0.943853932672909,0.717670554082538,NA,0.723954087802443,0.0673062822709066,0.230574889501572,0.926455882396799,0.711218373736299,0.641589325364931,0.354845653044821,0.695604688996338,0.347645143357155,0.676679106432703,0.371617573085578,0.51602995908293,0.661421379826074,0.0673062822709066,0.497658685778069,0.522444207629753,0.359359556812223,-0.164172856524998,-0.391795687535611,-0.33663454592791,-0.561751325314514,-0.230827438970272,-0.423470105659909,-0.294945513130954,-0.446060513956131,-0.2756888330566,-0.253205043600641,-0.0896625179669721,-0.0983553366082066,-0.0159305584254499,0.468791211397356,0.300617199332343,0.37832641765315,0.35452318657868,0.119895587838241,0.0994215629600811,-0.520431670146928,0.275977722348403,-0.0116839939499601,-0.0137319011395644,-0.00768660604311112,-0.427038888425419,-0.413065023550762,-0.453758918463337,-0.253347877384228,NA,-0.166145888203707,0.318429087411614
"depth_m_avg",0.258768413312228,-0.297837362924793,-0.00604925097816361,0.0192343321336731,0.0385228621831725,0.479922066943711,0.121415512109417,-0.163438370961249,0.117387801128678,0.260943824333061,0.271451886830626,-0.243715335580827,0.259294633122,0.215461876937191,NA,0.0430012937410267,-0.0380830053387049,-0.203530599501478,-0.0737582643319821,1,-0.241302789634372,-0.068227892455942,-0.0520618810436614,0.0226080355864935,NA,-0.0696495803481893,0.090070475474596,0.00752641921265083,0.0421642045945331,0.0425623556180219,-0.0318379123132951,-0.116866061851978,-0.0687408893910099,-0.192623060605184,0.0828299240949606,-0.115915498000691,-0.232670770704874,-0.0721263745721235,0.090070475474596,-0.053179076253151,-0.133590091420902,0.0476864479066392,-0.219569463877372,0.295245456627585,0.233643645594135,0.439745817972446,0.142889184330634,0.554278600234619,0.556141431804305,0.547605021185043,0.222263335729437,0.354094232080674,0.317908518715543,-0.106513532691239,0.167415656608465,0.121066943205711,0.204607062002991,0.167035087653074,0.172040788588986,0.223431916657541,0.209242214494027,0.267627016503349,0.423359845855974,0.341147242571024,0.273216685620986,0.332210955861259,-0.0397205916390374,0.0911428889497714,0.0501905517585888,0.190295246401322,NA,0.213617912189433,-0.189737811173143
"sal_avg",-0.566163633574477,0.0676025650408466,-0.0829205795708829,0.18993734874403,-0.178165435287478,-0.169164382934936,-0.235550768935317,0.182287827848173,-0.026294705105995,-0.0143260684581925,-0.103737718215226,0.071343876393373,-0.181871977078936,-0.0652668057253757,NA,-0.119330073707477,-0.128493072575603,0.00968641086275873,-0.134970329037613,-0.241302789634372,1,0.220196902873398,-0.088153514253014,-0.165051522639115,NA,0.226088511870164,-0.0162646874710054,-0.0501428967139881,-0.221833221374135,0.195433614104698,0.199263986497501,0.244091405099693,0.209184931039594,0.0334821985413039,-0.098600184563025,0.208100464186753,0.234790029283178,0.282258325959278,-0.0162646874710054,0.271777536366219,0.208208719624225,0.287422759280638,0.229668950522067,-0.00107832878627006,0.0166994798183781,-0.0480848901278147,0.00191124106387644,-0.198248151929336,-0.173225145314717,-0.192505051685193,0.0299609312178286,0.0540460802919857,0.00772518056246486,-0.0256900366327636,0.00563588684101094,-0.0487317888957611,-0.0723521318165192,-0.0863657011206614,-0.0838518517103688,-0.176950494026033,0.0820318380715248,-0.136125462776687,-0.43401869720277,0.047233347663217,0.165274921656362,0.0984886266861169,0.17414444981693,0.103409847233471,0.148488910598365,0.15516847407152,NA,0.0218370924356039,0.287871879532935
"total_abund_sum",-0.104073296385726,0.803096972748474,0.463294884465535,0.254711362502672,0.26799399880235,-0.325773228751933,-0.396429988317006,-0.148828616295729,0.591048859336034,0.180168378230911,0.0243567025831756,0.796682962668264,-0.0515723946032258,-0.463664955456621,NA,0.590424303081846,0.697373605481968,0.749336736227197,0.726207870734315,-0.068227892455942,0.220196902873398,1,0.803250418658135,0.380631042645177,NA,0.99863036043019,0.413378928587219,0.283436056539565,0.615686920209572,0.703266788996355,0.723363670311613,0.584446909617706,0.992881281795399,0.103596829165331,0.744773730759678,0.50997505625456,0.628489171404691,0.762931628172828,0.413378928587219,0.522149361829574,0.512822243809772,0.41782167133832,-0.122200095825259,-0.383735795698437,-0.34319893589644,-0.488171386319433,-0.241597993191111,-0.295977880127348,-0.198274346240024,-0.324749850259634,-0.164787428988239,-0.2108636458614,-0.10457629228343,-0.115818535366372,-0.0336500219670842,0.404508471944044,0.174063496223635,0.242782744768488,0.204124985231414,0.0574604171797665,0.0368074699197857,-0.383014734691589,0.202520816114565,0.352748318550849,0.305376112602337,0.341504450193292,-0.263594926844276,-0.211341516090348,-0.250600857804072,0.0358934748597251,NA,0.182904130693742,0.208656415001809
"comm_richness_sum",0.164309290408544,0.830128558556863,0.476063488295169,0.260880522598167,0.243698837258436,-0.335711595501915,-0.442792804846427,-0.0624545738573658,0.606439074273066,0.107766419806473,-0.032440249605165,0.822538398184162,-0.0712477836195747,-0.559315875973044,NA,0.594853621077636,0.932760386546887,0.806546180271915,0.943853932672909,-0.0520618810436614,-0.088153514253014,0.803250418658135,1,0.722551268289309,NA,0.797841036415605,0.280534827667221,0.306905753899847,0.931831015101312,0.689785858865667,0.671799051029544,0.332931969688472,0.780049276217352,0.355349310081374,0.739658661379913,0.360124762390302,0.463333946189996,0.662512071475738,0.280534827667221,0.499730532072708,0.498732881186031,0.390641662264623,-0.138873769023393,-0.406711802956088,-0.355534207342811,-0.556862677132755,-0.275161236221543,-0.358463035223447,-0.237786487345888,-0.389179203498745,-0.252142447633604,-0.251881865511143,-0.0717118235688743,-0.149311213449902,-0.0336988757264107,0.439684207697924,0.233454223383208,0.31458657213342,0.285864541269651,0.0458434013998449,0.0791324821731422,-0.497358111577208,0.279214374322069,0.108404926674234,0.0629583921052723,0.0911011733787953,-0.391559379042624,-0.362273637272493,-0.39452478252192,-0.209096229836618,NA,-0.102328646550953,0.236336103388463
"comm_shannonD_sum",0.273503228188632,0.484838471737459,0.402138692851822,0.283297660040548,0.160552702288088,-0.17383135161411,-0.0725535355320886,0.381067501358956,0.60362144491563,0.129407699823913,0.0214783164347714,0.526833911734998,0.202355996251511,-0.303411117637327,NA,0.493296242869473,0.745378692950402,0.421429966345283,0.717670554082538,0.0226080355864935,-0.165051522639115,0.380631042645177,0.722551268289309,1,NA,0.369785257616364,-0.0130998914008977,0.298068233022719,0.758659517860761,0.402529693248609,0.504408250180314,0.212087262153141,0.333164373152779,0.604773397972333,0.421007264260644,0.203977168969696,0.369969002470985,0.462850079794152,-0.0130998914008977,0.412526177185288,0.338658494891139,0.423156370040866,-0.0825527021118823,0.00322203560843887,0.0707267405999031,-0.282527675397186,-0.196645749959682,-0.21499487400404,-0.0811410020352071,-0.250957027994501,-0.165862610925198,0.104217528692519,-0.00972813325306941,-0.192310706494992,0.0301736401456247,0.413187469806275,0.337705551851082,0.366755228478751,0.360638217609281,0.26478460442103,0.241634639956129,-0.563350460040573,0.138845393915723,-0.0744483065916535,-0.00978305912373346,-0.0217956694073935,-0.487607024597679,-0.450164356464371,-0.481850992676082,-0.207728160538949,NA,-0.219808867065675,0.293135478484285
"comm_evenness_sum",NA,NA,NA,NA,NA,NA,NA,NA,NA,NA,NA,NA,NA,NA,NA,NA,NA,NA,NA,NA,NA,NA,NA,NA,1,NA,NA,NA,NA,NA,NA,NA,NA,NA,NA,NA,NA,NA,NA,NA,NA,NA,NA,NA,NA,NA,NA,NA,NA,NA,NA,NA,NA,NA,NA,NA,NA,NA,NA,NA,NA,NA,NA,NA,NA,NA,NA,NA,NA,NA,NA,NA,NA
"carnivore",-0.126188157425298,0.809386483394209,0.470376665652274,0.263886300785506,0.273650909937731,-0.340629967417908,-0.39532489610444,-0.153074986048825,0.585947132472741,0.192832429375794,0.034828193550332,0.804808188759622,-0.0570315298149152,-0.466310174944439,NA,0.592084944610956,0.691119163987772,0.75917252151919,0.723954087802443,-0.0696495803481893,0.226088511870164,0.99863036043019,0.797841036415605,0.369785257616364,NA,1,0.423538662380673,0.232874386523312,0.611895037200567,0.687166227247031,0.714904036067248,0.565874419500657,0.994275791681954,0.0845175991270511,0.75367089758308,0.481343074221248,0.618180660621718,0.76543364540872,0.423538662380673,0.520384981597518,0.514592424693908,0.412340609849836,-0.127601490930683,-0.391666708687123,-0.351056576508284,-0.493231223798767,-0.245792185918701,-0.304568199007106,-0.19791199853216,-0.334593660604699,-0.174764546427652,-0.220192030599125,-0.0933175364186502,-0.109954602021778,-0.0429163279577246,0.39085668181526,0.159420149604628,0.227134006546909,0.188348387876581,0.0431983175805144,0.0250086169994884,-0.378553369653177,0.195852727600313,0.369794143018739,0.318533670114212,0.355850767197188,-0.252583148778998,-0.20266946374163,-0.238811863656094,0.0406629689183535,NA,0.194437035925325,0.203708483700531
"herbivore",-0.183140308700208,0.0800584749363007,0.266688918913682,-0.0664419632062078,-0.015188162784737,-0.0941641287672438,-0.109495622434069,-0.0464082094101849,0.0281160778557767,0.159297551543242,0.228432441769921,0.107429349040373,-0.061541083462959,-0.131202639196745,NA,0.0249914929196793,0.0573015549575984,0.0731096873731617,0.0673062822709066,0.090070475474596,-0.0162646874710054,0.413378928587219,0.280534827667221,-0.0130998914008977,NA,0.423538662380673,1,-0.0851684983738665,0.146303900660691,-0.045886630773916,0.133802368398657,0.0378158264155166,0.455181692373558,-0.104596858351039,0.491321078367774,-0.0625448395339931,-0.103485625786755,0.156288451646125,1,-0.0547773755259593,-0.0905466171829918,-0.0267045580996727,0.030795044417233,-0.157704367962789,-0.147910311523668,-0.17051103446501,-0.235773996680078,-0.124319334443238,-0.139856073260789,-0.114061130412494,0.187097109305571,-0.182764388757681,0.0769519354198118,-0.0605532354551049,-0.110481645022218,-0.0158899187443426,-0.159795544048013,-0.11853665653864,-0.176424258661827,-0.0373078725808602,-0.237880731942103,0.151675733117317,0.0610031671657307,0.436521745706619,0.153126092101905,0.288447922020655,0.165050136973691,0.124790261929479,0.153447637711069,0.277452561054887,NA,0.443634982522843,-0.219865779734815
"omnivore",0.378840514098695,0.0942350454472959,-0.0104447699619882,-0.100841094231596,-0.0333621943449864,0.187416483779591,-0.123046277713513,0.039146437370005,0.247650153478554,-0.185823961539162,-0.186930884846411,0.0587647637308938,0.0868722323876149,-0.0718305304960243,NA,0.123756505972495,0.296324121125598,0.0153357325276036,0.230574889501572,0.00752641921265083,-0.0501428967139881,0.283436056539565,0.306905753899847,0.298068233022719,NA,0.232874386523312,-0.0851684983738665,1,0.229257614056531,0.478803896091285,0.342915185007333,0.492372386182009,0.230685707012338,0.376996903805314,0.0282694376213812,0.657729953116656,0.353682059560121,0.152492482277296,-0.0851684983738665,0.169171043937606,0.102310538270052,0.209712695168808,0.0666809109744246,0.0459848263585987,0.0551682725702237,-0.0337612867850485,0.0153242040187666,0.0807473559679627,-0.0574371645644257,0.0960911585371922,0.138146006952451,0.116928198143755,-0.233934458536206,-0.137143300094192,0.161586152643654,0.355680483861142,0.314640703439324,0.35070097953954,0.343358466406601,0.276291835424133,0.227278384280924,-0.182865482837509,0.174519090877496,-0.222923685473193,-0.162082623655931,-0.175380862579325,-0.271622650951894,-0.214853022720219,-0.282364809998556,-0.0799247941321012,NA,-0.166482636887074,0.146692250667973
"soniferous_S",0.310317965391448,0.7081992685336,0.500619212899811,0.404538351497692,0.254015177976718,-0.331580913346599,-0.427252465826065,-0.0830655039180478,0.565648891518943,0.182444085882333,0.0147399021560461,0.750891784271635,-0.110151655805782,-0.528412528717923,NA,0.520723054636213,0.927968623867677,0.713584342989947,0.926455882396799,0.0421642045945331,-0.221833221374135,0.615686920209572,0.931831015101312,0.758659517860761,NA,0.611895037200567,0.146303900660691,0.229257614056531,1,0.556548230289759,0.65329185557339,0.177195473437465,0.57601406995678,0.312373917833542,0.729901402027454,0.220182050057275,0.389487924300931,0.628901261559596,0.146303900660691,0.525465548665552,0.550117490769184,0.377455700313766,-0.174447362014442,-0.371920298598658,-0.322834393432801,-0.520147315472927,-0.299508046553188,-0.336200061958444,-0.182694230338829,-0.368981158273551,-0.326007949805117,-0.207798597551948,0.0267253189833597,-0.144912074963552,-0.042426317899117,0.427245825534612,0.29436253297806,0.364430355294474,0.345108199740156,0.105337554248941,0.106215875742952,-0.478193365615954,0.347125799526609,-0.0275090431060308,-0.0651490815402187,-0.0483169056925622,-0.428427863617502,-0.446480589475887,-0.475417014607019,-0.313856919735966,NA,-0.203753749056367,0.274869168362648
"carn_2",0.155936461056412,0.597793741087907,0.0640931877227062,0.0305867767368553,-0.0678096011450473,-0.249958640147522,-0.291924316082604,-0.116265576378117,0.417606555860236,-0.062270030193406,-0.161784295014053,0.511016497043451,-0.101295311437233,-0.344070946036331,NA,0.327093534161587,0.726438349446323,0.547429803176697,0.711218373736299,0.0425623556180219,0.195433614104698,0.703266788996355,0.689785858865667,0.402529693248609,NA,0.687166227247031,-0.045886630773916,0.478803896091285,0.556548230289759,1,0.483973375079568,0.582943613592249,0.676162668772154,0.33148401169155,0.28681706996328,0.740770301715644,0.496948566986189,0.514346773626691,-0.045886630773916,0.359917325068208,0.377872103473926,0.256332550048941,-0.0892835631705823,-0.334863588618173,-0.314710462513988,-0.363533791020201,0.0796239675414467,-0.230362302288882,-0.120250196068265,-0.256537089532182,-0.0513285484804447,-0.212132032717176,-0.0401221221921588,-0.15079226618421,0.193473737473898,0.481376815026804,0.336264694693999,0.388047339854393,0.379483777822707,0.0907257786517637,0.252045485450565,-0.375294884215143,0.194883171060572,-0.0675256645047172,-0.00391148730301164,-0.0113593237956781,-0.312414670612799,-0.222806280941976,-0.285237799154325,-0.0630360896082229,NA,-0.0970689109471067,0.300110719712188
"detritivore",0.128370255404583,0.674352895712916,0.588983038834374,0.698438474861506,0.0686395459332978,-0.175632919132359,-0.34324338122799,-0.144857617516013,0.616297098535738,0.44035396931136,0.194331152314836,0.789722446050326,-0.0835032795404393,-0.377242025637076,NA,0.679858294069461,0.600320649388176,0.551179495866892,0.641589325364931,-0.0318379123132951,0.199263986497501,0.723363670311613,0.671799051029544,0.504408250180314,NA,0.714904036067248,0.133802368398657,0.342915185007333,0.65329185557339,0.483973375079568,1,0.551195748840596,0.642476987998172,0.101090581072832,0.608927075573888,0.323314963887037,0.798209675009322,0.95962627552884,0.133802368398657,0.814344513172445,0.739110542019641,0.752677182837012,-0.0430831168877183,-0.269563519744584,-0.228980271340604,-0.402274558214917,-0.345338574964787,-0.240786079416357,-0.192420983306577,-0.256424772111649,-0.41216530685656,0.0037555625031409,-0.0227134661511002,-0.0121885742864641,-0.152949568780066,0.426984108441731,0.38381783901378,0.429172065354107,0.408491103754392,0.334825126213891,0.150392866955353,-0.391494917633398,0.283635670329608,-0.0091185359624184,0.0596194830263945,0.0403695871170544,-0.388325514623444,-0.354529411605866,-0.405442343459173,-0.182930189205077,NA,0.0402844844584908,0.472220240448981
